

DT = 0

	 h 	 Beta 
60.000000 	 0.00000000000454200619 
61.000000 	 0.00000000000349483202 
62.000000 	 0.00000000000268128884 
63.000000 	 0.00000000000205067200 
64.000000 	 0.00000000000156300337 
65.000000 	 0.00000000000118774644 
66.000000 	 0.00000000000090008372 
67.000000 	 0.00000000000067978110 
68.000000 	 0.00000000000051183595 
69.000000 	 0.00000000000038419340 
70.000000 	 0.00000000000028732388 
71.000000 	 0.00000000000021416445 
72.000000 	 0.00000000000015913656 
73.000000 	 0.00000000000011794603 
74.000000 	 0.00000000000008706519 
75.000000 	 0.00000000000006403377 
76.000000 	 0.00000000000004692055 
77.000000 	 0.00000000000003416076 
78.000000 	 0.00000000000002471696 
79.000000 	 0.00000000000001776732 
80.000000 	 0.00000000000001268398 
81.000000 	 0.00000000000000899117 
82.000000 	 0.00000000000000632839 
83.000000 	 0.00000000000000442010 
84.000000 	 0.00000000000000306489 
85.000000 	 0.00000000000000211132 
86.000000 	 0.00000000000000144383 
87.000000 	 0.00000000000000098171 
88.000000 	 0.00000000000000066360 
89.000000 	 0.00000000000000044605 
90.000000 	 0.00000000000000029885 


DT = 1

	 h 	 Beta 
60.000000 	 0.00000000000457627292 
61.000000 	 0.00000000000352136043 
62.000000 	 0.00000000000270176740 
63.000000 	 0.00000000000206643398 
64.000000 	 0.00000000000157509719 
65.000000 	 0.00000000000119700029 
66.000000 	 0.00000000000090714641 
67.000000 	 0.00000000000068515487 
68.000000 	 0.00000000000051591460 
69.000000 	 0.00000000000038727911 
70.000000 	 0.00000000000028965107 
71.000000 	 0.00000000000021591472 
72.000000 	 0.00000000000016044938 
73.000000 	 0.00000000000011892820 
74.000000 	 0.00000000000008779828 
75.000000 	 0.00000000000006457965 
76.000000 	 0.00000000000004732576 
77.000000 	 0.00000000000003445987 
78.000000 	 0.00000000000002493629 
79.000000 	 0.00000000000001792701 
80.000000 	 0.00000000000001279939 
81.000000 	 0.00000000000000907390 
82.000000 	 0.00000000000000638719 
83.000000 	 0.00000000000000446153 
84.000000 	 0.00000000000000309383 
85.000000 	 0.00000000000000213137 
86.000000 	 0.00000000000000145760 
87.000000 	 0.00000000000000099109 
88.000000 	 0.00000000000000066995 
89.000000 	 0.00000000000000045032 
90.000000 	 0.00000000000000030170 


DT = 2

	 h 	 Beta 
60.000000 	 0.00000000000461059312 
61.000000 	 0.00000000000354793529 
62.000000 	 0.00000000000272228568 
63.000000 	 0.00000000000208222960 
64.000000 	 0.00000000000158721924 
65.000000 	 0.00000000000120627763 
66.000000 	 0.00000000000091422850 
67.000000 	 0.00000000000069054457 
68.000000 	 0.00000000000052000628 
69.000000 	 0.00000000000039037536 
70.000000 	 0.00000000000029198677 
71.000000 	 0.00000000000021767186 
72.000000 	 0.00000000000016176768 
73.000000 	 0.00000000000011991475 
74.000000 	 0.00000000000008853486 
75.000000 	 0.00000000000006512834 
76.000000 	 0.00000000000004773322 
77.000000 	 0.00000000000003476076 
78.000000 	 0.00000000000002515701 
79.000000 	 0.00000000000001808778 
80.000000 	 0.00000000000001291563 
81.000000 	 0.00000000000000915728 
82.000000 	 0.00000000000000644647 
83.000000 	 0.00000000000000450332 
84.000000 	 0.00000000000000312303 
85.000000 	 0.00000000000000215159 
86.000000 	 0.00000000000000147150 
87.000000 	 0.00000000000000100057 
88.000000 	 0.00000000000000067636 
89.000000 	 0.00000000000000045463 
90.000000 	 0.00000000000000030458 


DT = 3

	 h 	 Beta 
60.000000 	 0.00000000000464496310 
61.000000 	 0.00000000000357455369 
62.000000 	 0.00000000000274284138 
63.000000 	 0.00000000000209805703 
64.000000 	 0.00000000000159936808 
65.000000 	 0.00000000000121557732 
66.000000 	 0.00000000000092132912 
67.000000 	 0.00000000000069594951 
68.000000 	 0.00000000000052411044 
69.000000 	 0.00000000000039348174 
70.000000 	 0.00000000000029433067 
71.000000 	 0.00000000000021943560 
72.000000 	 0.00000000000016309128 
73.000000 	 0.00000000000012090552 
74.000000 	 0.00000000000008927482 
75.000000 	 0.00000000000006567973 
76.000000 	 0.00000000000004814283 
77.000000 	 0.00000000000003506337 
78.000000 	 0.00000000000002537909 
79.000000 	 0.00000000000001824962 
80.000000 	 0.00000000000001303269 
81.000000 	 0.00000000000000924127 
82.000000 	 0.00000000000000650621 
83.000000 	 0.00000000000000454544 
84.000000 	 0.00000000000000315247 
85.000000 	 0.00000000000000217200 
86.000000 	 0.00000000000000148552 
87.000000 	 0.00000000000000101014 
88.000000 	 0.00000000000000068284 
89.000000 	 0.00000000000000045898 
90.000000 	 0.00000000000000030749 


DT = 4

	 h 	 Beta 
60.000000 	 0.00000000000467937926 
61.000000 	 0.00000000000360121274 
62.000000 	 0.00000000000276343222 
63.000000 	 0.00000000000211391447 
64.000000 	 0.00000000000161154227 
65.000000 	 0.00000000000122489825 
66.000000 	 0.00000000000092844738 
67.000000 	 0.00000000000070136898 
68.000000 	 0.00000000000052822654 
69.000000 	 0.00000000000039659784 
70.000000 	 0.00000000000029668244 
71.000000 	 0.00000000000022120569 
72.000000 	 0.00000000000016441998 
73.000000 	 0.00000000000012190036 
74.000000 	 0.00000000000009001805 
75.000000 	 0.00000000000006623375 
76.000000 	 0.00000000000004855455 
77.000000 	 0.00000000000003536765 
78.000000 	 0.00000000000002560248 
79.000000 	 0.00000000000001841248 
80.000000 	 0.00000000000001315054 
81.000000 	 0.00000000000000932586 
82.000000 	 0.00000000000000656640 
83.000000 	 0.00000000000000458790 
84.000000 	 0.00000000000000318216 
85.000000 	 0.00000000000000219258 
86.000000 	 0.00000000000000149967 
87.000000 	 0.00000000000000101979 
88.000000 	 0.00000000000000068937 
89.000000 	 0.00000000000000046337 
90.000000 	 0.00000000000000031043 


DT = 5

	 h 	 Beta 
60.000000 	 0.00000000000471383800 
61.000000 	 0.00000000000362790959 
62.000000 	 0.00000000000278405592 
63.000000 	 0.00000000000212980013 
64.000000 	 0.00000000000162374041 
65.000000 	 0.00000000000123423932 
66.000000 	 0.00000000000093558242 
67.000000 	 0.00000000000070680233 
68.000000 	 0.00000000000053235406 
69.000000 	 0.00000000000039972324 
70.000000 	 0.00000000000029904176 
71.000000 	 0.00000000000022298188 
72.000000 	 0.00000000000016575358 
73.000000 	 0.00000000000012289912 
74.000000 	 0.00000000000009076443 
75.000000 	 0.00000000000006679031 
76.000000 	 0.00000000000004896829 
77.000000 	 0.00000000000003567355 
78.000000 	 0.00000000000002582716 
79.000000 	 0.00000000000001857633 
80.000000 	 0.00000000000001326916 
81.000000 	 0.00000000000000941104 
82.000000 	 0.00000000000000662703 
83.000000 	 0.00000000000000463068 
84.000000 	 0.00000000000000321208 
85.000000 	 0.00000000000000221333 
86.000000 	 0.00000000000000151393 
87.000000 	 0.00000000000000102953 
88.000000 	 0.00000000000000069596 
89.000000 	 0.00000000000000046780 
90.000000 	 0.00000000000000031339 


DT = 6

	 h 	 Beta 
60.000000 	 0.00000000000474833577 
61.000000 	 0.00000000000365464143 
62.000000 	 0.00000000000280471026 
63.000000 	 0.00000000000214571223 
64.000000 	 0.00000000000163596111 
65.000000 	 0.00000000000124359941 
66.000000 	 0.00000000000094273338 
67.000000 	 0.00000000000071224887 
68.000000 	 0.00000000000053649248 
69.000000 	 0.00000000000040285753 
70.000000 	 0.00000000000030140831 
71.000000 	 0.00000000000022476394 
72.000000 	 0.00000000000016709191 
73.000000 	 0.00000000000012390166 
74.000000 	 0.00000000000009151385 
75.000000 	 0.00000000000006734931 
76.000000 	 0.00000000000004938400 
77.000000 	 0.00000000000003598102 
78.000000 	 0.00000000000002605307 
79.000000 	 0.00000000000001874115 
80.000000 	 0.00000000000001338852 
81.000000 	 0.00000000000000949678 
82.000000 	 0.00000000000000668809 
83.000000 	 0.00000000000000467378 
84.000000 	 0.00000000000000324223 
85.000000 	 0.00000000000000223425 
86.000000 	 0.00000000000000152832 
87.000000 	 0.00000000000000103934 
88.000000 	 0.00000000000000070261 
89.000000 	 0.00000000000000047227 
90.000000 	 0.00000000000000031637 


DT = 7

	 h 	 Beta 
60.000000 	 0.00000000000478286907 
61.000000 	 0.00000000000368140544 
62.000000 	 0.00000000000282539303 
63.000000 	 0.00000000000216164904 
64.000000 	 0.00000000000164820299 
65.000000 	 0.00000000000125297747 
66.000000 	 0.00000000000094989941 
67.000000 	 0.00000000000071770794 
68.000000 	 0.00000000000054064126 
69.000000 	 0.00000000000040600031 
70.000000 	 0.00000000000030378178 
71.000000 	 0.00000000000022655162 
72.000000 	 0.00000000000016843477 
73.000000 	 0.00000000000012490784 
74.000000 	 0.00000000000009226620 
75.000000 	 0.00000000000006791068 
76.000000 	 0.00000000000004980161 
77.000000 	 0.00000000000003629001 
78.000000 	 0.00000000000002628017 
79.000000 	 0.00000000000001890691 
80.000000 	 0.00000000000001350861 
81.000000 	 0.00000000000000958308 
82.000000 	 0.00000000000000674956 
83.000000 	 0.00000000000000471718 
84.000000 	 0.00000000000000327261 
85.000000 	 0.00000000000000225533 
86.000000 	 0.00000000000000154282 
87.000000 	 0.00000000000000104924 
88.000000 	 0.00000000000000070931 
89.000000 	 0.00000000000000047677 
90.000000 	 0.00000000000000031939 


DT = 8

	 h 	 Beta 
60.000000 	 0.00000000000481743443 
61.000000 	 0.00000000000370819889 
62.000000 	 0.00000000000284610202 
63.000000 	 0.00000000000217760882 
64.000000 	 0.00000000000166046469 
65.000000 	 0.00000000000126237240 
66.000000 	 0.00000000000095707966 
67.000000 	 0.00000000000072317889 
68.000000 	 0.00000000000054479991 
69.000000 	 0.00000000000040915119 
70.000000 	 0.00000000000030616186 
71.000000 	 0.00000000000022834467 
72.000000 	 0.00000000000016978197 
73.000000 	 0.00000000000012591752 
74.000000 	 0.00000000000009302137 
75.000000 	 0.00000000000006847432 
76.000000 	 0.00000000000005022105 
77.000000 	 0.00000000000003660046 
78.000000 	 0.00000000000002650844 
79.000000 	 0.00000000000001907357 
80.000000 	 0.00000000000001362940 
81.000000 	 0.00000000000000966991 
82.000000 	 0.00000000000000681143 
83.000000 	 0.00000000000000476088 
84.000000 	 0.00000000000000330320 
85.000000 	 0.00000000000000227656 
86.000000 	 0.00000000000000155743 
87.000000 	 0.00000000000000105922 
88.000000 	 0.00000000000000071607 
89.000000 	 0.00000000000000048131 
90.000000 	 0.00000000000000032242 


DT = 9

	 h 	 Beta 
60.000000 	 0.00000000000485202842 
61.000000 	 0.00000000000373501904 
62.000000 	 0.00000000000286683510 
63.000000 	 0.00000000000219358987 
64.000000 	 0.00000000000167274485 
65.000000 	 0.00000000000127178315 
66.000000 	 0.00000000000096427332 
67.000000 	 0.00000000000072866106 
68.000000 	 0.00000000000054896791 
69.000000 	 0.00000000000041230977 
70.000000 	 0.00000000000030854825 
71.000000 	 0.00000000000023014287 
72.000000 	 0.00000000000017113334 
73.000000 	 0.00000000000012693054 
74.000000 	 0.00000000000009377925 
75.000000 	 0.00000000000006904016 
76.000000 	 0.00000000000005064225 
77.000000 	 0.00000000000003691233 
78.000000 	 0.00000000000002673783 
79.000000 	 0.00000000000001924112 
80.000000 	 0.00000000000001375086 
81.000000 	 0.00000000000000975726 
82.000000 	 0.00000000000000687369 
83.000000 	 0.00000000000000480487 
84.000000 	 0.00000000000000333401 
85.000000 	 0.00000000000000229794 
86.000000 	 0.00000000000000157214 
87.000000 	 0.00000000000000106927 
88.000000 	 0.00000000000000072287 
89.000000 	 0.00000000000000048589 
90.000000 	 0.00000000000000032548 


DT = 10

	 h 	 Beta 
60.000000 	 0.00000000000488664766 
61.000000 	 0.00000000000376186320 
62.000000 	 0.00000000000288759011 
63.000000 	 0.00000000000220959049 
64.000000 	 0.00000000000168504215 
65.000000 	 0.00000000000128120868 
66.000000 	 0.00000000000097147955 
67.000000 	 0.00000000000073415381 
68.000000 	 0.00000000000055314476 
69.000000 	 0.00000000000041547565 
70.000000 	 0.00000000000031094064 
71.000000 	 0.00000000000023194598 
72.000000 	 0.00000000000017248870 
73.000000 	 0.00000000000012794678 
74.000000 	 0.00000000000009453973 
75.000000 	 0.00000000000006960810 
76.000000 	 0.00000000000005106516 
77.000000 	 0.00000000000003722556 
78.000000 	 0.00000000000002696830 
79.000000 	 0.00000000000001940951 
80.000000 	 0.00000000000001387299 
81.000000 	 0.00000000000000984511 
82.000000 	 0.00000000000000693633 
83.000000 	 0.00000000000000484915 
84.000000 	 0.00000000000000336502 
85.000000 	 0.00000000000000231948 
86.000000 	 0.00000000000000158697 
87.000000 	 0.00000000000000107939 
88.000000 	 0.00000000000000072973 
89.000000 	 0.00000000000000049050 
90.000000 	 0.00000000000000032856 


DT = 11

	 h 	 Beta 
60.000000 	 0.00000000000492128881 
61.000000 	 0.00000000000378872871 
62.000000 	 0.00000000000290836494 
63.000000 	 0.00000000000222560902 
64.000000 	 0.00000000000169735528 
65.000000 	 0.00000000000129064795 
66.000000 	 0.00000000000097869754 
67.000000 	 0.00000000000073965651 
68.000000 	 0.00000000000055732997 
69.000000 	 0.00000000000041864845 
70.000000 	 0.00000000000031333873 
71.000000 	 0.00000000000023375376 
72.000000 	 0.00000000000017384786 
73.000000 	 0.00000000000012896609 
74.000000 	 0.00000000000009530270 
75.000000 	 0.00000000000007017808 
76.000000 	 0.00000000000005148970 
77.000000 	 0.00000000000003754011 
78.000000 	 0.00000000000002719982 
79.000000 	 0.00000000000001957872 
80.000000 	 0.00000000000001399575 
81.000000 	 0.00000000000000993345 
82.000000 	 0.00000000000000699934 
83.000000 	 0.00000000000000489369 
84.000000 	 0.00000000000000339623 
85.000000 	 0.00000000000000234115 
86.000000 	 0.00000000000000160189 
87.000000 	 0.00000000000000108958 
88.000000 	 0.00000000000000073664 
89.000000 	 0.00000000000000049514 
90.000000 	 0.00000000000000033167 


DT = 12

	 h 	 Beta 
60.000000 	 0.00000000000495594856 
61.000000 	 0.00000000000381561294 
62.000000 	 0.00000000000292915752 
63.000000 	 0.00000000000224164380 
64.000000 	 0.00000000000170968292 
65.000000 	 0.00000000000130009994 
66.000000 	 0.00000000000098592650 
67.000000 	 0.00000000000074516853 
68.000000 	 0.00000000000056152305 
69.000000 	 0.00000000000042182780 
70.000000 	 0.00000000000031574224 
71.000000 	 0.00000000000023556598 
72.000000 	 0.00000000000017521064 
73.000000 	 0.00000000000012998833 
74.000000 	 0.00000000000009606807 
75.000000 	 0.00000000000007075000 
76.000000 	 0.00000000000005191582 
77.000000 	 0.00000000000003785594 
78.000000 	 0.00000000000002743235 
79.000000 	 0.00000000000001974872 
80.000000 	 0.00000000000001411913 
81.000000 	 0.00000000000001002226 
82.000000 	 0.00000000000000706270 
83.000000 	 0.00000000000000493850 
84.000000 	 0.00000000000000342763 
85.000000 	 0.00000000000000236297 
86.000000 	 0.00000000000000161691 
87.000000 	 0.00000000000000109985 
88.000000 	 0.00000000000000074359 
89.000000 	 0.00000000000000049982 
90.000000 	 0.00000000000000033479 


DT = 13

	 h 	 Beta 
60.000000 	 0.00000000000499062365 
61.000000 	 0.00000000000384251328 
62.000000 	 0.00000000000294996578 
63.000000 	 0.00000000000225769321 
64.000000 	 0.00000000000172202380 
65.000000 	 0.00000000000130956363 
66.000000 	 0.00000000000099316562 
67.000000 	 0.00000000000075068926 
68.000000 	 0.00000000000056572350 
69.000000 	 0.00000000000042501331 
70.000000 	 0.00000000000031815085 
71.000000 	 0.00000000000023738243 
72.000000 	 0.00000000000017657688 
73.000000 	 0.00000000000013101338 
74.000000 	 0.00000000000009683572 
75.000000 	 0.00000000000007132378 
76.000000 	 0.00000000000005234346 
77.000000 	 0.00000000000003817298 
78.000000 	 0.00000000000002766585 
79.000000 	 0.00000000000001991950 
80.000000 	 0.00000000000001424310 
81.000000 	 0.00000000000001011152 
82.000000 	 0.00000000000000712640 
83.000000 	 0.00000000000000498356 
84.000000 	 0.00000000000000345922 
85.000000 	 0.00000000000000238492 
86.000000 	 0.00000000000000163203 
87.000000 	 0.00000000000000111018 
88.000000 	 0.00000000000000075059 
89.000000 	 0.00000000000000050452 
90.000000 	 0.00000000000000033794 


DT = 14

	 h 	 Beta 
60.000000 	 0.00000000000502531085 
61.000000 	 0.00000000000386942718 
62.000000 	 0.00000000000297078768 
63.000000 	 0.00000000000227375564 
64.000000 	 0.00000000000173437665 
65.000000 	 0.00000000000131903803 
66.000000 	 0.00000000000100041414 
67.000000 	 0.00000000000075621807 
68.000000 	 0.00000000000056993086 
69.000000 	 0.00000000000042820462 
70.000000 	 0.00000000000032056430 
71.000000 	 0.00000000000023920287 
72.000000 	 0.00000000000017794640 
73.000000 	 0.00000000000013204110 
74.000000 	 0.00000000000009760555 
75.000000 	 0.00000000000007189935 
76.000000 	 0.00000000000005277255 
77.000000 	 0.00000000000003849120 
78.000000 	 0.00000000000002790030 
79.000000 	 0.00000000000002009101 
80.000000 	 0.00000000000001436765 
81.000000 	 0.00000000000001020123 
82.000000 	 0.00000000000000719044 
83.000000 	 0.00000000000000502887 
84.000000 	 0.00000000000000349100 
85.000000 	 0.00000000000000240700 
86.000000 	 0.00000000000000164724 
87.000000 	 0.00000000000000112057 
88.000000 	 0.00000000000000075763 
89.000000 	 0.00000000000000050926 
90.000000 	 0.00000000000000034110 


DT = 15

	 h 	 Beta 
60.000000 	 0.00000000000506000700 
61.000000 	 0.00000000000389635210 
62.000000 	 0.00000000000299162123 
63.000000 	 0.00000000000228982950 
64.000000 	 0.00000000000174674021 
65.000000 	 0.00000000000132852215 
66.000000 	 0.00000000000100767126 
67.000000 	 0.00000000000076175436 
68.000000 	 0.00000000000057414466 
69.000000 	 0.00000000000043140134 
70.000000 	 0.00000000000032298228 
71.000000 	 0.00000000000024102709 
72.000000 	 0.00000000000017931902 
73.000000 	 0.00000000000013307136 
74.000000 	 0.00000000000009837747 
75.000000 	 0.00000000000007247663 
76.000000 	 0.00000000000005320303 
77.000000 	 0.00000000000003881055 
78.000000 	 0.00000000000002813564 
79.000000 	 0.00000000000002026323 
80.000000 	 0.00000000000001449275 
81.000000 	 0.00000000000001029137 
82.000000 	 0.00000000000000725480 
83.000000 	 0.00000000000000507442 
84.000000 	 0.00000000000000352294 
85.000000 	 0.00000000000000242921 
86.000000 	 0.00000000000000166254 
87.000000 	 0.00000000000000113103 
88.000000 	 0.00000000000000076472 
89.000000 	 0.00000000000000051403 
90.000000 	 0.00000000000000034429 


DT = 16

	 h 	 Beta 
60.000000 	 0.00000000000509470894 
61.000000 	 0.00000000000392328555 
62.000000 	 0.00000000000301246442 
63.000000 	 0.00000000000230591321 
64.000000 	 0.00000000000175911324 
65.000000 	 0.00000000000133801502 
66.000000 	 0.00000000000101493624 
67.000000 	 0.00000000000076729754 
68.000000 	 0.00000000000057836441 
69.000000 	 0.00000000000043460314 
70.000000 	 0.00000000000032540452 
71.000000 	 0.00000000000024285487 
72.000000 	 0.00000000000018069459 
73.000000 	 0.00000000000013410403 
74.000000 	 0.00000000000009915137 
75.000000 	 0.00000000000007305554 
76.000000 	 0.00000000000005363484 
77.000000 	 0.00000000000003913098 
78.000000 	 0.00000000000002837185 
79.000000 	 0.00000000000002043614 
80.000000 	 0.00000000000001461839 
81.000000 	 0.00000000000001038191 
82.000000 	 0.00000000000000731947 
83.000000 	 0.00000000000000512021 
84.000000 	 0.00000000000000355506 
85.000000 	 0.00000000000000245154 
86.000000 	 0.00000000000000167793 
87.000000 	 0.00000000000000114155 
88.000000 	 0.00000000000000077185 
89.000000 	 0.00000000000000051882 
90.000000 	 0.00000000000000034749 


DT = 17

	 h 	 Beta 
60.000000 	 0.00000000000512941358 
61.000000 	 0.00000000000395022504 
62.000000 	 0.00000000000303331531 
63.000000 	 0.00000000000232200523 
64.000000 	 0.00000000000177149452 
65.000000 	 0.00000000000134751568 
66.000000 	 0.00000000000102220831 
67.000000 	 0.00000000000077284701 
68.000000 	 0.00000000000058258967 
69.000000 	 0.00000000000043780963 
70.000000 	 0.00000000000032783075 
71.000000 	 0.00000000000024468599 
72.000000 	 0.00000000000018207293 
73.000000 	 0.00000000000013513898 
74.000000 	 0.00000000000009992714 
75.000000 	 0.00000000000007363600 
76.000000 	 0.00000000000005406792 
77.000000 	 0.00000000000003945244 
78.000000 	 0.00000000000002860889 
79.000000 	 0.00000000000002060971 
80.000000 	 0.00000000000001474454 
81.000000 	 0.00000000000001047285 
82.000000 	 0.00000000000000738444 
83.000000 	 0.00000000000000516621 
84.000000 	 0.00000000000000358734 
85.000000 	 0.00000000000000247399 
86.000000 	 0.00000000000000169340 
87.000000 	 0.00000000000000115213 
88.000000 	 0.00000000000000077902 
89.000000 	 0.00000000000000052364 
90.000000 	 0.00000000000000035071 


DT = 18

	 h 	 Beta 
60.000000 	 0.00000000000516411786 
61.000000 	 0.00000000000397716815 
62.000000 	 0.00000000000305417196 
63.000000 	 0.00000000000233810403 
64.000000 	 0.00000000000178388285 
65.000000 	 0.00000000000135702317 
66.000000 	 0.00000000000102948672 
67.000000 	 0.00000000000077840219 
68.000000 	 0.00000000000058681997 
69.000000 	 0.00000000000044102047 
70.000000 	 0.00000000000033026068 
71.000000 	 0.00000000000024652023 
72.000000 	 0.00000000000018345388 
73.000000 	 0.00000000000013617607 
74.000000 	 0.00000000000010070471 
75.000000 	 0.00000000000007421794 
76.000000 	 0.00000000000005450222 
77.000000 	 0.00000000000003977490 
78.000000 	 0.00000000000002884673 
79.000000 	 0.00000000000002078391 
80.000000 	 0.00000000000001487119 
81.000000 	 0.00000000000001056418 
82.000000 	 0.00000000000000744970 
83.000000 	 0.00000000000000521243 
84.000000 	 0.00000000000000361978 
85.000000 	 0.00000000000000249655 
86.000000 	 0.00000000000000170895 
87.000000 	 0.00000000000000116276 
88.000000 	 0.00000000000000078623 
89.000000 	 0.00000000000000052849 
90.000000 	 0.00000000000000035395 


DT = 19

	 h 	 Beta 
60.000000 	 0.00000000000519881877 
61.000000 	 0.00000000000400411248 
62.000000 	 0.00000000000307503246 
63.000000 	 0.00000000000235420809 
64.000000 	 0.00000000000179627703 
65.000000 	 0.00000000000136653656 
66.000000 	 0.00000000000103677075 
67.000000 	 0.00000000000078396251 
68.000000 	 0.00000000000059105487 
69.000000 	 0.00000000000044423531 
70.000000 	 0.00000000000033269404 
71.000000 	 0.00000000000024835740 
72.000000 	 0.00000000000018483727 
73.000000 	 0.00000000000013721520 
74.000000 	 0.00000000000010148395 
75.000000 	 0.00000000000007480128 
76.000000 	 0.00000000000005493768 
77.000000 	 0.00000000000004009831 
78.000000 	 0.00000000000002908534 
79.000000 	 0.00000000000002095871 
80.000000 	 0.00000000000001499831 
81.000000 	 0.00000000000001065587 
82.000000 	 0.00000000000000751524 
83.000000 	 0.00000000000000525887 
84.000000 	 0.00000000000000365238 
85.000000 	 0.00000000000000251923 
86.000000 	 0.00000000000000172459 
87.000000 	 0.00000000000000117345 
88.000000 	 0.00000000000000079348 
89.000000 	 0.00000000000000053337 
90.000000 	 0.00000000000000035721 


DT = 20

	 h 	 Beta 
60.000000 	 0.00000000000523351334 
61.000000 	 0.00000000000403105565 
62.000000 	 0.00000000000309589493 
63.000000 	 0.00000000000237031594 
64.000000 	 0.00000000000180867589 
65.000000 	 0.00000000000137605493 
66.000000 	 0.00000000000104405966 
67.000000 	 0.00000000000078952739 
68.000000 	 0.00000000000059529392 
69.000000 	 0.00000000000044745380 
70.000000 	 0.00000000000033513057 
71.000000 	 0.00000000000025019727 
72.000000 	 0.00000000000018622294 
73.000000 	 0.00000000000013825623 
74.000000 	 0.00000000000010226479 
75.000000 	 0.00000000000007538595 
76.000000 	 0.00000000000005537424 
77.000000 	 0.00000000000004042262 
78.000000 	 0.00000000000002932468 
79.000000 	 0.00000000000002113411 
80.000000 	 0.00000000000001512589 
81.000000 	 0.00000000000001074791 
82.000000 	 0.00000000000000758105 
83.000000 	 0.00000000000000530550 
84.000000 	 0.00000000000000368512 
85.000000 	 0.00000000000000254201 
86.000000 	 0.00000000000000174030 
87.000000 	 0.00000000000000118420 
88.000000 	 0.00000000000000080076 
89.000000 	 0.00000000000000053827 
90.000000 	 0.00000000000000036049 


DT = 0

	 Tn 	 Dbeta 
60.000000 	 0.00000000000000000000 
61.000000 	 0.00000000000000000000 
62.000000 	 0.00000000000000000000 
63.000000 	 0.00000000000000000000 
64.000000 	 0.00000000000000000000 
65.000000 	 0.00000000000000000000 
66.000000 	 0.00000000000000000000 
67.000000 	 0.00000000000000000000 
68.000000 	 0.00000000000000000000 
69.000000 	 0.00000000000000000000 
70.000000 	 0.00000000000000000000 
71.000000 	 0.00000000000000000000 
72.000000 	 0.00000000000000000000 
73.000000 	 0.00000000000000000000 
74.000000 	 0.00000000000000000000 
75.000000 	 0.00000000000000000000 
76.000000 	 0.00000000000000000000 
77.000000 	 0.00000000000000000000 
78.000000 	 0.00000000000000000000 
79.000000 	 0.00000000000000000000 
80.000000 	 0.00000000000000000000 
81.000000 	 0.00000000000000000000 
82.000000 	 0.00000000000000000000 
83.000000 	 0.00000000000000000000 
84.000000 	 0.00000000000000000000 
85.000000 	 0.00000000000000000000 
86.000000 	 0.00000000000000000000 
87.000000 	 0.00000000000000000000 
88.000000 	 0.00000000000000000000 
89.000000 	 0.00000000000000000000 
90.000000 	 0.00000000000000000000 


DT = 1

	 Tn 	 Dbeta 
60.000000 	 0.00754440402111998445 
61.000000 	 0.00759075285338755429 
62.000000 	 0.00763757869353170679 
63.000000 	 0.00768625072377095847 
64.000000 	 0.00773755754008763515 
65.000000 	 0.00779109660368117532 
66.000000 	 0.00784669833220037923 
67.000000 	 0.00790515602200636373 
68.000000 	 0.00796867095708758515 
69.000000 	 0.00803163713146127362 
70.000000 	 0.00809952992444263643 
71.000000 	 0.00817258762002956267 
72.000000 	 0.00824961333317845991 
73.000000 	 0.00832730793697915479 
74.000000 	 0.00841993950799622276 
75.000000 	 0.00852492612593392339 
76.000000 	 0.00863617453083936719 
77.000000 	 0.00875594269907881660 
78.000000 	 0.00887346536976463089 
79.000000 	 0.00898791568096578113 
80.000000 	 0.00909888575686102451 
81.000000 	 0.00920210516498733318 
82.000000 	 0.00929189555814782277 
83.000000 	 0.00937318290240669351 
84.000000 	 0.00944156762123876843 
85.000000 	 0.00949330485229484336 
86.000000 	 0.00953470664062919943 
87.000000 	 0.00956130254937050464 
88.000000 	 0.00957113458291005380 
89.000000 	 0.00956812401678635606 
90.000000 	 0.00954846951860305673 


DT = 2

	 Tn 	 Dbeta 
60.000000 	 0.01510057872349993176 
61.000000 	 0.01519479814372901201 
62.000000 	 0.01528997475629238420 
63.000000 	 0.01538890556985486428 
64.000000 	 0.01549317156757245607 
65.000000 	 0.01560196917867913771 
66.000000 	 0.01571496118728037822 
67.000000 	 0.01583373899298588100 
68.000000 	 0.01596278655116060638 
69.000000 	 0.01609073747088885648 
70.000000 	 0.01622870880835625140 
71.000000 	 0.01637719130538674642 
72.000000 	 0.01653371941678493870 
73.000000 	 0.01669168659769932825 
74.000000 	 0.01688005249895872806 
75.000000 	 0.01709361171308812835 
76.000000 	 0.01732001153671930763 
77.000000 	 0.01756391829431339785 
78.000000 	 0.01780347028179959934 
79.000000 	 0.01803700929651303950 
80.000000 	 0.01826371757540049684 
81.000000 	 0.01847489498185697632 
82.000000 	 0.01865897837363780440 
83.000000 	 0.01882594660824839228 
84.000000 	 0.01896678152244211935 
85.000000 	 0.01907374563064980627 
86.000000 	 0.01915960408173842874 
87.000000 	 0.01921515682425654209 
88.000000 	 0.01923624198717262951 
89.000000 	 0.01923086191642770296 
90.000000 	 0.01919102328199090088 


DT = 3

	 Tn 	 Dbeta 
60.000000 	 0.02266771676785928405 
61.000000 	 0.02281130137979292191 
62.000000 	 0.02295632625032016649 
63.000000 	 0.02310707384845743853 
64.000000 	 0.02326592120970584834 
65.000000 	 0.02343166524630186168 
66.000000 	 0.02360380303949180525 
67.000000 	 0.02378472875623195357 
68.000000 	 0.02398128891405761076 
69.000000 	 0.02417620530144234600 
70.000000 	 0.02438639980315182934 
71.000000 	 0.02461262951555936301 
72.000000 	 0.02485108971051230506 
73.000000 	 0.02509185851871084325 
74.000000 	 0.02537900243262130803 
75.000000 	 0.02570465174392226257 
76.000000 	 0.02605003124078984073 
77.000000 	 0.02642236304268767710 
78.000000 	 0.02678836408912213182 
79.000000 	 0.02714554030265244056 
80.000000 	 0.02749266185014911587 
81.000000 	 0.02781644255515626843 
82.000000 	 0.02809923210305835875 
83.000000 	 0.02835618645969060006 
84.000000 	 0.02857345433875000881 
85.000000 	 0.02873906319344010640 
86.000000 	 0.02887236957964929573 
87.000000 	 0.02895919053059414078 
88.000000 	 0.02899292008477179564 
89.000000 	 0.02898579837481288571 
90.000000 	 0.02892525791098347551 


DT = 4

	 Tn 	 Dbeta 
60.000000 	 0.03024501956565678329 
61.000000 	 0.03043943705068528210 
62.000000 	 0.03063578046103607178 
63.000000 	 0.03083987435855963660 
64.000000 	 0.03105489537226910346 
65.000000 	 0.03127924242108656716 
66.000000 	 0.03151224879695039421 
67.000000 	 0.03175711595784943414 
68.000000 	 0.03202313139540992337 
69.000000 	 0.03228695655393181568 
70.000000 	 0.03257147818974814868 
71.000000 	 0.03287773338018709635 
72.000000 	 0.03320050893144788767 
73.000000 	 0.03352656012668932262 
74.000000 	 0.03391546745190712059 
75.000000 	 0.03435665684493278277 
76.000000 	 0.03482477061339570718 
77.000000 	 0.03532973126081517118 
78.000000 	 0.03582651565267613164 
79.000000 	 0.03631178926745336905 
80.000000 	 0.03678390787232298925 
81.000000 	 0.03722484581349265464 
82.000000 	 0.03761066721964424764 
83.000000 	 0.03796182672803619790 
84.000000 	 0.03825942975465888157 
85.000000 	 0.03848703141133726774 
86.000000 	 0.03867071523682982098 
87.000000 	 0.03879106772473836506 
88.000000 	 0.03883880405467177860 
89.000000 	 0.03883055583839544606 
90.000000 	 0.03874880748086103471 


DT = 5

	 Tn 	 Dbeta 
60.000000 	 0.03783169731974989763 
61.000000 	 0.03807838866329515959 
62.000000 	 0.03832749393054930148 
63.000000 	 0.03858643541598614363 
64.000000 	 0.03885919276113663362 
65.000000 	 0.03914376842451149779 
66.000000 	 0.03943933380597473143 
67.000000 	 0.03974990204005325600 
68.000000 	 0.04008727854248807926 
69.000000 	 0.04042191877162948366 
70.000000 	 0.04078283132533048333 
71.000000 	 0.04117134662414217300 
72.000000 	 0.04158077495411487828 
73.000000 	 0.04199454160963017602 
74.000000 	 0.04248814021566970495 
75.000000 	 0.04304825306955603614 
76.000000 	 0.04364278309380861809 
77.000000 	 0.04428449496889187709 
78.000000 	 0.04491631289392680054 
79.000000 	 0.04553405731665831346 
80.000000 	 0.04613566715048744021 
81.000000 	 0.04669822668946706917 
82.000000 	 0.04719132004232790001 
83.000000 	 0.04764081947819557433 
84.000000 	 0.04802258119919535634 
85.000000 	 0.04831545570246961047 
86.000000 	 0.04855238638536370915 
87.000000 	 0.04870848707069079520 
88.000000 	 0.04877156455840192528 
89.000000 	 0.04876279265896514559 
90.000000 	 0.04865934168073497712 


DT = 6

	 Tn 	 Dbeta 
60.000000 	 0.04542696906263725409 
61.000000 	 0.04572734877779554424 
62.000000 	 0.04603063248957629111 
63.000000 	 0.04634589488068589780 
64.000000 	 0.04667792190380661010 
65.000000 	 0.04702432109951348860 
66.000000 	 0.04738410385721019552 
67.000000 	 0.04776209923738396201 
68.000000 	 0.04817270608434258417 
69.000000 	 0.04858003108088875671 
70.000000 	 0.04901935859771111570 
71.000000 	 0.04949232550235192069 
72.000000 	 0.04999069872269570197 
73.000000 	 0.05049456680307824741 
74.000000 	 0.05109572775021664626 
75.000000 	 0.05177808170473549576 
76.000000 	 0.05250263834156174841 
77.000000 	 0.05328514357182823763 
78.000000 	 0.05405616239352007552 
79.000000 	 0.05481066563578520373 
80.000000 	 0.05554617279986378414 
81.000000 	 0.05623473038191546119 
82.000000 	 0.05683925186175479288 
83.000000 	 0.05739114354606884155 
84.000000 	 0.05786081067042999487 
85.000000 	 0.05822217171243385808 
86.000000 	 0.05851516012999178479 
87.000000 	 0.05870918026913521381 
88.000000 	 0.05878890609536827072 
89.000000 	 0.05878020141211117572 
90.000000 	 0.05865456415423013492 


DT = 7

	 Tn 	 Dbeta 
60.000000 	 0.05303006269222544644 
61.000000 	 0.05338551904106827312 
62.000000 	 0.05374437128774863653 
63.000000 	 0.05411740018299348448 
64.000000 	 0.05451020117056893516 
65.000000 	 0.05491998842542425430 
66.000000 	 0.05534561519309498523 
67.000000 	 0.05579273057531006913 
68.000000 	 0.05627840091955712415 
69.000000 	 0.05676024416677127871 
70.000000 	 0.05727997138632959923 
71.000000 	 0.05783953874322055044 
72.000000 	 0.05842910417412874174 
73.000000 	 0.05902541308979954854 
74.000000 	 0.05973695131772346900 
75.000000 	 0.06054479909882085065 
76.000000 	 0.06140292201460714056 
77.000000 	 0.06233018357413269706 
78.000000 	 0.06324448903182326720 
79.000000 	 0.06413995502358577072 
80.000000 	 0.06501367899406208795 
81.000000 	 0.06583252469303889354 
82.000000 	 0.06655254815451686068 
83.000000 	 0.06721080361865677810 
84.000000 	 0.06777204767762705362 
85.000000 	 0.06820504412603806133 
86.000000 	 0.06855684403622534784 
87.000000 	 0.06879091064267014999 
88.000000 	 0.06888856552154644375 
89.000000 	 0.06888050738263762351 
90.000000 	 0.06873221100494064650 


DT = 8

	 Tn 	 Dbeta 
60.000000 	 0.06064021500499561929 
61.000000 	 0.06105211021792371351 
62.000000 	 0.06146789482215674061 
63.000000 	 0.06190010834862927358 
64.000000 	 0.06235515879503262388 
65.000000 	 0.06282986853299192542 
66.000000 	 0.06332293451621864855 
67.000000 	 0.06384082987068503967 
68.000000 	 0.06440336110702750416 
69.000000 	 0.06496152025293215615 
70.000000 	 0.06556359302904647690 
71.000000 	 0.06621186749964874663 
72.000000 	 0.06689482817085350141 
73.000000 	 0.06758587131147981986 
74.000000 	 0.06841054629982896984 
75.000000 	 0.06934707650871588247 
76.000000 	 0.07034223557169230756 
77.000000 	 0.07141813832535438833 
78.000000 	 0.07247973566744572715 
79.000000 	 0.07352028549216543807 
80.000000 	 0.07453646047358648830 
81.000000 	 0.07548979943363513800 
82.000000 	 0.07632931787760113829 
83.000000 	 0.07709782940762570369 
84.000000 	 0.07775424829040127050 
85.000000 	 0.07826196559882464543 
86.000000 	 0.07867527495035119001 
87.000000 	 0.07895147186297696296 
88.000000 	 0.07906831071660513910 
89.000000 	 0.07906146720168373554 
90.000000 	 0.07889004945163163862 


DT = 9

	 Tn 	 Dbeta 
60.000000 	 0.06825667172651340986 
61.000000 	 0.06872634222000047199 
62.000000 	 0.06920039696397455031 
63.000000 	 0.06969318602227392301 
64.000000 	 0.07021193289377315738 
65.000000 	 0.07075306971915783227 
66.000000 	 0.07131513899820320079 
67.000000 	 0.07190544173359783575 
68.000000 	 0.07254659585916922726 
69.000000 	 0.07318283308511908114 
70.000000 	 0.07386915879389729933 
71.000000 	 0.07460820530665672468 
72.000000 	 0.07538672044206734535 
73.000000 	 0.07617474569110148364 
74.000000 	 0.07711526209478858362 
75.000000 	 0.07818359996433398018 
76.000000 	 0.07931919609660502413 
77.000000 	 0.08054754779316702917 
78.000000 	 0.08176036285018156713 
79.000000 	 0.08295003590944148575 
80.000000 	 0.08411281210586335488 
81.000000 	 0.08520476589020130331 
82.000000 	 0.08616769283576861116 
83.000000 	 0.08705027490776763577 
84.000000 	 0.08780539428508105093 
85.000000 	 0.08839085579742755883 
86.000000 	 0.08886831793925896450 
87.000000 	 0.08918868680695793416 
88.000000 	 0.08932593938591879001 
89.000000 	 0.08932086762165185323 
90.000000 	 0.08912587661946680395 


DT = 10

	 Tn 	 Dbeta 
60.000000 	 0.07587868753922021037 
61.000000 	 0.07640744413225859788 
62.000000 	 0.07694108098304024146 
63.000000 	 0.07749580948950424153 
64.000000 	 0.07807967148485958631 
65.000000 	 0.07868871046131908908 
66.000000 	 0.07932131628876723517 
67.000000 	 0.07998562157019573071 
68.000000 	 0.08070712553705211567 
69.000000 	 0.08142316791765430439 
70.000000 	 0.08219561585511662993 
71.000000 	 0.08302745804477053293 
72.000000 	 0.08390364353246451690 
73.000000 	 0.08479085376478588676 
74.000000 	 0.08584986202673444700 
75.000000 	 0.08705307014854006542 
76.000000 	 0.08833243614209569661 
77.000000 	 0.08971696836142471765 
78.000000 	 0.09108484856510377925 
79.000000 	 0.09242760367995006554 
80.000000 	 0.09374104849202220813 
81.000000 	 0.09497565634819475633 
82.000000 	 0.09606582711512451356 
83.000000 	 0.09706621773259041519 
84.000000 	 0.09792349237940536910 
85.000000 	 0.09858966053879564262 
86.000000 	 0.09913386533910831244 
87.000000 	 0.09950040652999395108 
88.000000 	 0.09965927798502227652 
89.000000 	 0.09965652441626356162 
90.000000 	 0.09943751845473484952 


DT = 11

	 Tn 	 Dbeta 
60.000000 	 0.08350552610745556881 
61.000000 	 0.08409465423697161379 
62.000000 	 0.08468915957025513475 
63.000000 	 0.08530716469696146553 
64.000000 	 0.08595753250507083554 
65.000000 	 0.08663591943081365432 
66.000000 	 0.08734056452461762265 
67.000000 	 0.08808043558607639434 
68.000000 	 0.08888398164699166937 
69.000000 	 0.08968152150232661102 
70.000000 	 0.09054192327270790819 
71.000000 	 0.09146854390834922854 
72.000000 	 0.09244447275749949344 
73.000000 	 0.09343302632197514335 
74.000000 	 0.09461312326568534214 
75.000000 	 0.09595420229097166576 
76.000000 	 0.09738060359145631062 
77.000000 	 0.09892497265069967460 
78.000000 	 0.10045168800477613513 
79.000000 	 0.10195140446035477755 
80.000000 	 0.10341950361603294284 
81.000000 	 0.10480072366620299396 
82.000000 	 0.10602189657674537804 
83.000000 	 0.10714375851989932364 
84.000000 	 0.10810657354736313840 
85.000000 	 0.10885635101915229483 
86.000000 	 0.10946983590277696574 
87.000000 	 0.10988450934550147986 
88.000000 	 0.11006618075523956490 
89.000000 	 0.11006628139420589207 
90.000000 	 0.10982282875172290348 


DT = 12

	 Tn 	 Dbeta 
60.000000 	 0.09113646009966165640 
61.000000 	 0.09178722003516749661 
62.000000 	 0.09244385485772865785 
63.000000 	 0.09312644727059753158 
64.000000 	 0.09384468382559986444 
65.000000 	 0.09459383550538365271 
66.000000 	 0.09537199233792018060 
67.000000 	 0.09618896078991452658 
68.000000 	 0.09707620683815772200 
69.000000 	 0.09795690207918848758 
70.000000 	 0.09890705197498105006 
71.000000 	 0.09993039337811818190 
72.000000 	 0.10100809616430538040 
73.000000 	 0.10210010735291535910 
74.000000 	 0.10340383675704713229 
75.000000 	 0.10488572607418208960 
76.000000 	 0.10646236153592571194 
77.000000 	 0.10817014935901750339 
78.000000 	 0.10985939336681808942 
79.000000 	 0.11151987190630884006 
80.000000 	 0.11314653053212342382 
81.000000 	 0.11467824089622104256 
82.000000 	 0.11603409840473570547 
83.000000 	 0.11728102040081557489 
84.000000 	 0.11835269240672957602 
85.000000 	 0.11918892312433573832 
86.000000 	 0.11987417403692623985 
87.000000 	 0.12033890000092603567 
88.000000 	 0.12054452886013980462 
89.000000 	 0.12054800951579683344 
90.000000 	 0.12027968828125469580 


DT = 13

	 Tn 	 Dbeta 
60.000000 	 0.09877077120775448749 
61.000000 	 0.09948439826544688835 
62.000000 	 0.10020439843655630507 
63.000000 	 0.10095286253187761571 
64.000000 	 0.10174030326610897235 
65.000000 	 0.10256160778043421633 
66.000000 	 0.10341471886406235214 
67.000000 	 0.10431028499697390932 
68.000000 	 0.10528285490080335762 
69.000000 	 0.10624832936878277068 
70.000000 	 0.10728998474346569669 
71.000000 	 0.10841194919722450807 
72.000000 	 0.10959341449744045005 
73.000000 	 0.11079095400248828440 
74.000000 	 0.11222080715948033747 
75.000000 	 0.11384638555073954558 
76.000000 	 0.11557638816619116018 
77.000000 	 0.11745110312072747083 
78.000000 	 0.11930649367428253216 
79.000000 	 0.12113145744756138866 
80.000000 	 0.12292050108682016363 
81.000000 	 0.12460650094562357448 
82.000000 	 0.12610065070352169392 
83.000000 	 0.12747614852626398818 
84.000000 	 0.12865992667245532144 
85.000000 	 0.12958539681390965348 
86.000000 	 0.13034484912028004855 
87.000000 	 0.13086150894113504628 
88.000000 	 0.13109222961338243274 
89.000000 	 0.13109960610304555173 
90.000000 	 0.13080600401143649414 


DT = 14

	 Tn 	 Dbeta 
60.000000 	 0.10640775016363403227 
61.000000 	 0.10718545492012795939 
62.000000 	 0.10797003137217255075 
63.000000 	 0.10878562551185021190 
64.000000 	 0.10964357860696459512 
65.000000 	 0.11053839557887966405 
66.000000 	 0.11146787374847701158 
67.000000 	 0.11244350683224771381 
68.000000 	 0.11350299076476734472 
69.000000 	 0.11455483456536430520 
70.000000 	 0.11568971619969629916 
71.000000 	 0.11691216635020809655 
72.000000 	 0.11819934116875410735 
73.000000 	 0.11950443652952331963 
74.000000 	 0.12106285279006893940 
75.000000 	 0.12283493906997924872 
76.000000 	 0.12472137667643581893 
77.000000 	 0.12676645438155467738 
78.000000 	 0.12879153461646924983 
79.000000 	 0.13078463008849838811 
80.000000 	 0.13273980567215326598 
81.000000 	 0.13458381627676860304 
82.000000 	 0.13621979213968010702 
83.000000 	 0.13772730964543003496 
84.000000 	 0.13902637666965814156 
85.000000 	 0.14004381557202724706 
86.000000 	 0.14087985489544449513 
87.000000 	 0.14145029165098219059 
88.000000 	 0.14170721578936862350 
89.000000 	 0.14171899413430624759 
90.000000 	 0.14139970841188925776 


DT = 15

	 Tn 	 Dbeta 
60.000000 	 0.11404669675281621510 
61.000000 	 0.11488966525870791813 
62.000000 	 0.11574000421721175602 
63.000000 	 0.11662396096296373527 
64.000000 	 0.11755370759955036108 
65.000000 	 0.11852336845941226218 
66.000000 	 0.11953059715232952631 
67.000000 	 0.12058773573292672077 
68.000000 	 0.12173569049791485575 
69.000000 	 0.12287546033071408691 
70.000000 	 0.12410525279338641136 
71.000000 	 0.12543001204430723194 
72.000000 	 0.12682480223066885938 
73.000000 	 0.12823943827078077007 
74.000000 	 0.12992880557581407142 
75.000000 	 0.13185015921324075294 
76.000000 	 0.13389603517949247302 
77.000000 	 0.13611483928807122101 
78.000000 	 0.13831307840805789899 
79.000000 	 0.14047787623148555447 
80.000000 	 0.14260285300693040234 
81.000000 	 0.14460851864052423621 
82.000000 	 0.14638978162392113358 
83.000000 	 0.14803269173115055080 
84.000000 	 0.14945016490047557944 
85.000000 	 0.15056224591869776797 
86.000000 	 0.15147720892725297093 
87.000000 	 0.15210322806947740304 
88.000000 	 0.15238744500878273480 
89.000000 	 0.15240412161547661762 
90.000000 	 0.15205875883354708078 


DT = 16

	 Tn 	 Dbeta 
60.000000 	 0.12168691982518761718 
61.000000 	 0.12259631381858314414 
62.000000 	 0.12351357702182723386 
63.000000 	 0.12446710336857852441 
64.000000 	 0.12546989797453067528 
65.000000 	 0.12651570622306629321 
66.000000 	 0.12760203975685499578 
67.000000 	 0.12874209194999228223 
68.000000 	 0.12998004130423035374 
69.000000 	 0.13120926078822411909 
70.000000 	 0.13253561279157083375 
71.000000 	 0.13396446569258216308 
72.000000 	 0.13546873635227532628 
73.000000 	 0.13699485560888219338 
74.000000 	 0.13881751101058856235 
75.000000 	 0.14089083273649263828 
76.000000 	 0.14309908663177500765 
77.000000 	 0.14549490958996505463 
78.000000 	 0.14786970366454302295 
79.000000 	 0.15020969952064031072 
80.000000 	 0.15250806994318405474 
81.000000 	 0.15467895884030682940 
82.000000 	 0.15660889802925434533 
83.000000 	 0.15839050364764717393 
84.000000 	 0.15992943565953751661 
85.000000 	 0.16113877697555853419 
86.000000 	 0.16213495212123080202 
87.000000 	 0.16281832206871207913 
88.000000 	 0.16313089919185069787 
89.000000 	 0.16315296102039447690 
90.000000 	 0.16278113695673579464 


DT = 17

	 Tn 	 Dbeta 
60.000000 	 0.12932773730289015557 
61.000000 	 0.13030469442303815875 
62.000000 	 0.13129001934142756070 
63.000000 	 0.13231429695009047642 
64.000000 	 0.13339136744798033019 
65.000000 	 0.13451459891792380552 
66.000000 	 0.13568136276619843783 
67.000000 	 0.13690570654868894351 
68.000000 	 0.13823514152127905352 
69.000000 	 0.13955530151687292606 
70.000000 	 0.14097982626830984909 
71.000000 	 0.14251451889838301357 
72.000000 	 0.14413009479766333842 
73.000000 	 0.14576959794350244359 
74.000000 	 0.14772782811672119374 
75.000000 	 0.14995576051937009598 
76.000000 	 0.15232926876676508576 
77.000000 	 0.15490533255360955378 
78.000000 	 0.15746000529217626940 
79.000000 	 0.15997862070382476429 
80.000000 	 0.16245390129516487643 
81.000000 	 0.16479350652349158968 
82.000000 	 0.16687543994168432815 
83.000000 	 0.16879897485635453336 
84.000000 	 0.17046235469325363154 
85.000000 	 0.17177152008083479418 
86.000000 	 0.17285114829626294086 
87.000000 	 0.17359360099117143728 
88.000000 	 0.17393558407272027844 
89.000000 	 0.17396350879369967823 
90.000000 	 0.17356484830093366067 


DT = 18

	 Tn 	 Dbeta 
60.000000 	 0.13696847618532959068 
61.000000 	 0.13801411018646742024 
62.000000 	 0.13906861024179870134 
63.000000 	 0.14016479567162806741 
64.000000 	 0.14131734372528720334 
65.000000 	 0.14251924684185759973 
66.000000 	 0.14376773790859634361 
67.000000 	 0.14507772140771707514 
68.000000 	 0.14650010061683460538 
69.000000 	 0.14791265954485938172 
70.000000 	 0.14943693509461772329 
71.000000 	 0.15107917544074014882 
72.000000 	 0.15280784140597955534 
73.000000 	 0.15456258766521069337 
74.000000 	 0.15665862941047040136 
75.000000 	 0.15904375751969110353 
76.000000 	 0.16158533403595995437 
77.000000 	 0.16434479088555339898 
78.000000 	 0.16708259439072978281 
79.000000 	 0.16978317751083255027 
80.000000 	 0.17243880968845656798 
81.000000 	 0.17495054999733367085 
82.000000 	 0.17718772544007954650 
83.000000 	 0.17925635515599314118 
84.000000 	 0.18104710889849795485 
85.000000 	 0.18245860844855513183 
86.000000 	 0.18362388380613545169 
87.000000 	 0.18442711523972288301 
88.000000 	 0.18479952876894314984 
89.000000 	 0.18483378491004032185 
90.000000 	 0.18440792179009418694 


DT = 19

	 Tn 	 Dbeta 
60.000000 	 0.14460847255133979505 
61.000000 	 0.14572387351685739398 
62.000000 	 0.14684863830160221898 
63.000000 	 0.14801786324226312574 
64.000000 	 0.14924706450278105163 
65.000000 	 0.15052886054322595077 
66.000000 	 0.15186034743577450645 
67.000000 	 0.15325728921695491724 
68.000000 	 0.15477403918440263419 
69.000000 	 0.15628042334258424040 
70.000000 	 0.15790599292826895672 
71.000000 	 0.15965745126026842371 
72.000000 	 0.16150095257273078264 
73.000000 	 0.16337276013141585618 
74.000000 	 0.16560880087070958822 
75.000000 	 0.16815365273263610524 
76.000000 	 0.17086604955623366231 
77.000000 	 0.17381198266469483071 
78.000000 	 0.17673609816756385982 
79.000000 	 0.17962192454593930990 
80.000000 	 0.18246127542698609147 
81.000000 	 0.18514849606675112814 
82.000000 	 0.18754409190213736092 
83.000000 	 0.18976091445331441654 
84.000000 	 0.19168190605666904358 
85.000000 	 0.19319819686754549637 
86.000000 	 0.19445126720499125716 
87.000000 	 0.19531693791497262147 
88.000000 	 0.19572078540055651286 
89.000000 	 0.19576183248395201408 
90.000000 	 0.19530840936801532881 


DT = 20

	 Tn 	 Dbeta 
60.000000 	 0.15224707155851166518 
61.000000 	 0.15343330611550562437 
62.000000 	 0.15462940161221758184 
63.000000 	 0.15587277311571678950 
64.000000 	 0.15717977746700032005 
65.000000 	 0.15854266081941775779 
66.000000 	 0.15995838412045476629 
67.000000 	 0.16144357347356394494 
68.000000 	 0.16305608893751438737 
69.000000 	 0.16465769281476166919 
70.000000 	 0.16638606520321935767 
71.000000 	 0.16824837444524062824 
72.000000 	 0.17020841723191940109 
73.000000 	 0.17219906364387180253 
74.000000 	 0.17457724191019391435 
75.000000 	 0.17728428915381394537 
76.000000 	 0.18017019706269346568 
77.000000 	 0.18330562128195534988 
78.000000 	 0.18641915986156623597 
79.000000 	 0.18949343319309344680 
80.000000 	 0.19251979637589847205 
81.000000 	 0.19538576989156694608 
82.000000 	 0.19794289583363056106 
83.000000 	 0.20031094256128875730 
84.000000 	 0.20236497459941593657 
85.000000 	 0.20398846143608340142 
86.000000 	 0.20533142895222156188 
87.000000 	 0.20626116449515771722 
88.000000 	 0.20669742875371049928 
89.000000 	 0.20674571742532352192 
90.000000 	 0.20626438565867213915 
